 TWO-PHASE BOUNDARIES
       T         RHOLIQ        RHOVAP        PLIQ         PVAP        ELIQ         EVAP         SLIQ         SVAP        GLIQ         GVAP         PSILIQ      PSIVAP         NTY
       K         kg/m**3       kg/m**3       GPa          GPa         J/kg         J/kg        J/kg-K       J/kg-K       J/kg         J/kg

  8.80698D+03  1.68058D+03  1.68058D+03  2.54743D+00  2.54743D+00  1.30859D+07  1.30859D+07  5.40214D+03  5.40214D+03 -3.29720D+07 -3.29720D+07  8.26170D-01  8.26170D-01      0
  8.69638D+03  1.81356D+03  1.34931D+03  2.38528D+00  2.37856D+00  1.25108D+07  1.41416D+07  5.32439D+03  5.56383D+03 -3.24742D+07 -3.24779D+07  4.84291D-01  8.14714D-01     60
  8.58578D+03  1.96991D+03  1.26176D+03  2.23303D+00  2.23303D+00  1.18848D+07  1.43419D+07  5.24054D+03  5.60084D+03 -3.19731D+07 -3.19731D+07  4.16611D-01  9.11047D-01     13
  8.47518D+03  2.05747D+03  1.18304D+03  2.09193D+00  2.09193D+00  1.14902D+07  1.45156D+07  5.18902D+03  5.63468D+03 -3.14683D+07 -3.14683D+07  3.83692D-01  1.01401D+00     12
  8.36458D+03  2.12213D+03  1.11047D+03  1.95506D+00  1.95506D+00  1.11715D+07  1.46714D+07  5.14779D+03  5.66658D+03 -3.09639D+07 -3.09639D+07  3.61088D-01  1.12634D+00     12
  8.25398D+03  2.17588D+03  1.04257D+03  1.82249D+00  1.82249D+00  1.08892D+07  1.48143D+07  5.11134D+03  5.69722D+03 -3.04597D+07 -3.04597D+07  3.43262D-01  1.25048D+00     11
  8.14339D+03  2.22286D+03  9.78380D+02  1.69431D+00  1.69431D+00  1.06299D+07  1.49473D+07  5.07779D+03  5.72706D+03 -2.99559D+07 -2.99559D+07  3.28326D-01  1.38914D+00     11
  8.03279D+03  2.26509D+03  9.17242D+02  1.57065D+00  1.57065D+00  1.03868D+07  1.50730D+07  5.04618D+03  5.75645D+03 -2.94524D+07 -2.94524D+07  3.15362D-01  1.54550D+00     10
  7.92219D+03  2.30375D+03  8.58683D+02  1.45160D+00  1.45160D+00  1.01560D+07  1.51928D+07  5.01598D+03  5.78566D+03 -2.89492D+07 -2.89492D+07  3.03842D-01  1.72334D+00     10
  7.81159D+03  2.33960D+03  8.02372D+02  1.33727D+00  1.33727D+00  9.93495D+06  1.53081D+07  4.98684D+03  5.81491D+03 -2.84463D+07 -2.84463D+07  2.93431D-01  1.92728D+00     10
  7.70099D+03  2.37317D+03  7.48076D+02  1.22776D+00  1.22776D+00  9.72200D+06  1.54198D+07  4.95850D+03  5.84437D+03 -2.79438D+07 -2.79438D+07  2.83901D-01  2.16300D+00     10
  7.59039D+03  2.40484D+03  6.95639D+02  1.12315D+00  1.12315D+00  9.51586D+06  1.55286D+07  4.93080D+03  5.87418D+03 -2.74416D+07 -2.74416D+07  2.75089D-01  2.43761D+00      9
  7.47979D+03  2.43488D+03  6.44962D+02  1.02353D+00  1.02353D+00  9.31558D+06  1.56350D+07  4.90359D+03  5.90447D+03 -2.69398D+07 -2.69398D+07  2.66874D-01  2.76001D+00      9
  7.36919D+03  2.46353D+03  5.95991D+02  9.28969D-01  9.28969D-01  9.12044D+06  1.57393D+07  4.87678D+03  5.93536D+03 -2.64383D+07 -2.64383D+07  2.59163D-01  3.14153D+00      9
  7.25860D+03  2.49095D+03  5.48707D+02  8.39529D-01  8.39529D-01  8.92986D+06  1.58417D+07  4.85027D+03  5.96692D+03 -2.59372D+07 -2.59372D+07  2.51884D-01  3.59669D+00      9
  7.14800D+03  2.51728D+03  5.03124D+02  7.55254D-01  7.55254D-01  8.74338D+06  1.59425D+07  4.82400D+03  5.99925D+03 -2.54365D+07 -2.54365D+07  2.44981D-01  4.14424D+00      9
  7.03740D+03  2.54263D+03  4.59278D+02  6.76174D-01  6.76174D-01  8.56064D+06  1.60416D+07  4.79791D+03  6.03242D+03 -2.49363D+07 -2.49363D+07  2.38405D-01  4.80865D+00      8
  6.92680D+03  2.56710D+03  4.17226D+02  6.02300D-01  6.02300D-01  8.38132D+06  1.61388D+07  4.77196D+03  6.06650D+03 -2.44366D+07 -2.44366D+07  2.32119D-01  5.62209D+00      8
  6.81620D+03  2.59076D+03  3.77036D+02  5.33618D-01  5.33618D-01  8.20515D+06  1.62342D+07  4.74610D+03  6.10153D+03 -2.39373D+07 -2.39373D+07  2.26090D-01  6.62733D+00      8
  6.70560D+03  2.61368D+03  3.38790D+02  4.70093D-01  4.70093D-01  8.03193D+06  1.63274D+07  4.72028D+03  6.13757D+03 -2.34387D+07 -2.34387D+07  2.20293D-01  7.88172D+00      8
  6.59500D+03  2.63589D+03  3.02571D+02  4.11664D-01  4.11664D-01  7.86146D+06  1.64183D+07  4.69449D+03  6.17467D+03 -2.29408D+07 -2.29408D+07  2.14703D-01  9.46294D+00      8
  6.48441D+03  2.65746D+03  2.68462D+02  3.58239D-01  3.58239D-01  7.69359D+06  1.65064D+07  4.66870D+03  6.21287D+03 -2.24436D+07 -2.24436D+07  2.09302D-01  1.14773D+01      8
  6.37381D+03  2.67842D+03  2.36544D+02  3.09700D-01  3.09700D-01  7.52818D+06  1.65915D+07  4.64286D+03  6.25219D+03 -2.19472D+07 -2.19472D+07  2.04073D-01  1.40718D+01      8
  6.26321D+03  2.69879D+03  2.06883D+02  2.65897D-01  2.65897D-01  7.36509D+06  1.66731D+07  4.61696D+03  6.29268D+03 -2.14517D+07 -2.14517D+07  1.99000D-01  1.74517D+01      8
  6.15261D+03  2.71860D+03  1.79531D+02  2.26651D-01  2.26651D-01  7.20424D+06  1.67508D+07  4.59099D+03  6.33436D+03 -2.09573D+07 -2.09573D+07  1.94072D-01  2.19073D+01      7
  6.04201D+03  2.73788D+03  1.54520D+02  1.91753D-01  1.91753D-01  7.04551D+06  1.68242D+07  4.56490D+03  6.37725D+03 -2.04640D+07 -2.04640D+07  1.89276D-01  2.78529D+01      7
  5.93141D+03  2.75665D+03  1.31853D+02  1.60968D-01  1.60968D-01  6.88881D+06  1.68928D+07  4.53868D+03  6.42138D+03 -1.99720D+07 -1.99720D+07  1.84603D-01  3.58869D+01      7
  5.82081D+03  2.77491D+03  1.11510D+02  1.34037D-01  1.34037D-01  6.73408D+06  1.69563D+07  4.51232D+03  6.46678D+03 -1.94815D+07 -1.94815D+07  1.80043D-01  4.68837D+01      7
  5.71021D+03  2.79269D+03  9.34383D+01  1.10681D-01  1.10681D-01  6.58122D+06  1.70142D+07  4.48578D+03  6.51347D+03 -1.89924D+07 -1.89924D+07  1.75588D-01  6.21355D+01      7
  5.59962D+03  2.81000D+03  7.75542D+01  9.06078D-02  9.06078D-02  6.43016D+06  1.70661D+07  4.45905D+03  6.56146D+03 -1.85051D+07 -1.85051D+07  1.71230D-01  8.35751D+01      7
  5.48902D+03  2.82685D+03  6.37471D+01  7.35146D-02  7.35146D-02  6.28083D+06  1.71118D+07  4.43210D+03  6.61079D+03 -1.80197D+07 -1.80197D+07  1.66964D-01  1.14130D+02      6
  5.37842D+03  2.84325D+03  5.18807D+01  5.90972D-02  5.90972D-02  6.13316D+06  1.71509D+07  4.40492D+03  6.66149D+03 -1.75362D+07 -1.75362D+07  1.62781D-01  1.58291D+02      6
  5.26782D+03  2.85922D+03  4.17987D+01  4.70546D-02  4.70546D-02  5.98709D+06  1.71834D+07  4.37747D+03  6.71361D+03 -1.70549D+07 -1.70549D+07  1.58677D-01  2.23044D+02      6
  5.15722D+03  2.87477D+03  3.33313D+01  3.70956D-02  3.70956D-02  5.84255D+06  1.72092D+07  4.34974D+03  6.76720D+03 -1.65758D+07 -1.65758D+07  1.54645D-01  3.19411D+02      6
  5.04662D+03  2.88991D+03  2.63016D+01  2.89432D-02  2.89432D-02  5.69946D+06  1.72281D+07  4.32169D+03  6.82233D+03 -1.60992D+07 -1.60992D+07  1.50681D-01  4.65054D+02      6
  4.93602D+03  2.90466D+03  2.05324D+01  2.23392D-02  2.23392D-02  5.55776D+06  1.72403D+07  4.29330D+03  6.87911D+03 -1.56252D+07 -1.56252D+07  1.46780D-01  6.88746D+02      5
  4.82543D+03  2.91903D+03  1.58518D+01  1.70468D-02  1.70468D-02  5.41739D+06  1.72461D+07  4.26454D+03  6.93767D+03 -1.51538D+07 -1.51538D+07  1.42938D-01  1.03819D+03      5
  4.71483D+03  2.93302D+03  1.20979D+01  1.28526D-02  1.28526D-02  5.27828D+06  1.72455D+07  4.23538D+03  6.99815D+03 -1.46853D+07 -1.46853D+07  1.39150D-01  1.59399D+03      5
  4.60423D+03  2.94667D+03  9.12204D+00  9.56991D-03  9.56734D-03  5.14037D+06  1.72390D+07  4.20578D+03  7.06076D+03 -1.42196D+07 -1.42196D+07  1.35411D-01  2.49518D+03      4
  4.49363D+03  2.95998D+03  6.79090D+00  7.02691D-03  7.02532D-03  5.00358D+06  1.72269D+07  4.17571D+03  7.12573D+03 -1.37571D+07 -1.37571D+07  1.31720D-01  3.98682D+03      4
  4.38303D+03  2.97296D+03  4.98712D+00  5.08476D-03  5.08379D-03  4.86787D+06  1.72098D+07  4.14513D+03  7.19333D+03 -1.32976D+07 -1.32976D+07  1.28072D-01  6.51140D+03      4
  4.27243D+03  2.98563D+03  3.60931D+00  3.62189D-03  3.62131D-03  4.73316D+06  1.71880D+07  4.11401D+03  7.26390D+03 -1.28414D+07 -1.28414D+07  1.24464D-01  1.08886D+04      4
  4.16183D+03  2.99801D+03  2.57119D+00  2.53631D-03  2.53597D-03  4.59939D+06  1.71621D+07  4.08228D+03  7.33782D+03 -1.23886D+07 -1.23886D+07  1.20894D-01  1.86798D+04      4
  4.05124D+03  3.01011D+03  1.80046D+00  1.74358D-03  1.74337D-03  4.46651D+06  1.71328D+07  4.04993D+03  7.41552D+03 -1.19392D+07 -1.19392D+07  1.17359D-01  3.29505D+04      4
  3.94064D+03  3.02194D+03  1.23731D+00  1.17460D-03  1.17460D-03  4.33446D+06  1.71006D+07  4.01688D+03  7.49750D+03 -1.14933D+07 -1.14933D+07  1.13856D-01  5.99214D+04      5
  3.83004D+03  3.03351D+03  8.58940D-01  7.86256D-04  7.86256D-04  4.20318D+06  1.70374D+07  3.98308D+03  7.57315D+03 -1.10510D+07 -1.10510D+07  1.10383D-01  1.07269D+05      6
  3.71944D+03  3.04484D+03  5.60172D-01  5.03605D-04  5.03605D-04  4.07261D+06  1.70101D+07  3.94849D+03  7.66870D+03 -1.06125D+07 -1.06125D+07  1.06939D-01  2.12349D+05      6
  3.60884D+03  3.05594D+03  3.57156D-01  3.14519D-04  3.14519D-04  3.94271D+06  1.69797D+07  3.91303D+03  7.76975D+03 -1.01779D+07 -1.01779D+07  1.03520D-01  4.36140D+05      5
  3.49824D+03  3.06682D+03  2.21900D-01  1.90967D-04  1.90967D-04  3.81341D+06  1.69475D+07  3.87664D+03  7.87735D+03 -9.74718D+06 -9.74718D+06  1.00126D-01  9.34342D+05      5
  3.38764D+03  3.07749D+03  1.33876D-01  1.12363D-04  1.12363D-04  3.68466D+06  1.69149D+07  3.83925D+03  7.99267D+03 -9.32054D+06 -9.32054D+06  9.67551D-02  2.09975D+06      6
  3.35947D+03  3.08016D+03  1.19674D-01  1.00000D-04  1.00000D-04  3.65199D+06  1.69068D+07  3.82944D+03  8.02434D+03 -9.21291D+06 -9.21291D+06  9.59017D-02  2.83378D+06      0
  3.27704D+03  3.08796D+03  7.81336D-02  6.38375D-05  6.38375D-05  3.55643D+06  1.68830D+07  3.80076D+03  8.11697D+03 -8.89809D+06 -8.89809D+06  9.34052D-02  4.98089D+06      7
  3.22175D+03  3.09313D+03  5.88764D-02  4.74309D-05  4.74309D-05  3.49248D+06  1.68677D+07  3.78108D+03  8.18293D+03 -8.68847D+06 -8.68847D+06  9.17377D-02  7.84511D+06      7
  3.16645D+03  3.09825D+03  4.39282D-02  3.48796D-05  3.48796D-05  3.42865D+06  1.68531D+07  3.76109D+03  8.25170D+03 -8.47994D+06 -8.47994D+06  9.00750D-02  1.25575D+07      8
  3.11115D+03  3.10332D+03  3.24326D-02  2.53720D-05  2.53720D-05  3.36492D+06  1.68393D+07  3.74079D+03  8.32349D+03 -8.27253D+06 -8.27253D+06  8.84168D-02  2.04478D+07      5
  3.05585D+03  3.10835D+03  2.36798D-02  1.82447D-05  1.82447D-05  3.30129D+06  1.68264D+07  3.72015D+03  8.39851D+03 -8.06625D+06 -8.06625D+06  8.67630D-02  3.39066D+07      7
  3.00055D+03  3.11334D+03  1.70859D-02  1.29607D-05  1.29607D-05  3.23776D+06  1.68146D+07  3.69917D+03  8.47704D+03 -7.86112D+06 -7.86112D+06  8.51135D-02  5.73187D+07      7
  2.94525D+03  3.11828D+03  1.21744D-02  9.08918D-06  9.08917D-06  3.17431D+06  1.68041D+07  3.67782D+03  8.55932D+03 -7.65716D+06 -7.65716D+06  8.34679D-02  9.89008D+07      7
  2.88995D+03  3.12318D+03  8.55984D-03  6.28766D-06  6.28765D-06  3.11094D+06  1.67951D+07  3.65610D+03  8.64565D+03 -7.45439D+06 -7.45439D+06  8.18262D-02  1.74399D+08      7
  2.83465D+03  3.12805D+03  5.93382D-03  4.28713D-06  4.28713D-06  3.04765D+06  1.67877D+07  3.63399D+03  8.73634D+03 -7.25283D+06 -7.25284D+06  8.01882D-02  3.14715D+08      7
  2.77935D+03  3.13287D+03  4.05197D-03  2.87855D-06  2.87855D-06  2.98444D+06  1.67822D+07  3.61147D+03  8.83174D+03 -7.05251D+06 -7.05251D+06  7.85537D-02  5.82042D+08      6
  2.72405D+03  3.13766D+03  2.72298D-03  1.90151D-06  1.90151D-06  2.92129D+06  1.67787D+07  3.58852D+03  8.93223D+03 -6.85344D+06 -6.85344D+06  7.69225D-02  1.10493D+09      8
  2.66875D+03  3.14241D+03  1.79895D-03  1.23451D-06  1.23451D-06  2.85821D+06  1.67775D+07  3.56512D+03  9.03822D+03 -6.65566D+06 -6.65566D+06  7.52945D-02  2.15670D+09      8
  2.61345D+03  3.14712D+03  1.16710D-03  7.86825D-07  7.86825D-07  2.79519D+06  1.67788D+07  3.54126D+03  9.15015D+03 -6.45918D+06 -6.45918D+06  7.36695D-02  4.33624D+09      6
  2.55815D+03  3.15180D+03  7.41979D-04  4.91496D-07  4.91496D-07  2.73222D+06  1.67841D+07  3.51690D+03  9.26917D+03 -6.26403D+06 -6.26403D+06  7.20473D-02  1.00000+100     10
  2.50285D+03  3.15644D+03  4.62582D-04  3.00834D-07  3.00834D-07  2.66931D+06  1.67909D+07  3.49204D+03  9.39441D+03 -6.07025D+06 -6.07025D+06  7.04276D-02  1.00000+100     10
  2.44755D+03  3.16105D+03  2.82072D-04  1.80053D-07  1.80053D-07  2.60645D+06  1.68011D+07  3.46664D+03  9.52730D+03 -5.87785D+06 -5.87785D+06  6.88105D-02  1.00000+100      9
  2.39226D+03  3.16563D+03  1.67971D-04  1.05214D-07  1.05214D-07  2.54363D+06  1.68150D+07  3.44068D+03  9.66854D+03 -5.68687D+06 -5.68687D+06  6.71956D-02  1.00000+100     11
  2.33696D+03  3.17017D+03  9.75169D-05  5.99257D-08  5.99257D-08  2.48085D+06  1.68331D+07  3.41413D+03  9.81887D+03 -5.49735D+06 -5.49735D+06  6.55827D-02  1.00000+100     10
  2.28166D+03  3.17469D+03  5.50927D-05  3.32058D-08  3.32058D-08  2.41811D+06  1.68556D+07  3.38696D+03  9.97915D+03 -5.30931D+06 -5.30931D+06  6.39718D-02  1.00000+100     10
  2.22636D+03  3.17917D+03  3.02269D-05  1.78647D-08  1.78647D-08  2.35541D+06  1.68832D+07  3.35913D+03  1.01504D+04 -5.12279D+06 -5.12279D+06  6.23626D-02  1.00000+100      9
  2.17106D+03  3.18362D+03  1.60696D-05  9.31077D-09  9.31077D-09  2.29274D+06  1.69162D+07  3.33063D+03  1.03336D+04 -4.93783D+06 -4.93783D+06  6.07548D-02  1.00000+100     10
  2.09869D+03  3.18940D+03  6.67492D-06  3.76694D-09  3.76694D-09  2.21078D+06  1.69687D+07  3.29223D+03  1.05935D+04 -4.69819D+06 -4.69819D+06  5.86528D-02  1.00000+100      7
  2.02632D+03  3.19513D+03  2.59954D-06  1.42835D-09  1.42834D-09  2.12886D+06  1.70329D+07  3.25251D+03  1.08794D+04 -4.46138D+06 -4.46138D+06  5.65526D-02  1.00000+100      9
  1.95395D+03  3.20081D+03  9.42448D-07  5.04005D-10  5.03990D-10  2.04698D+06  1.71108D+07  3.21136D+03  1.11949D+04 -4.22749D+06 -4.22749D+06  5.44538D-02  1.00000+100     13
  1.88158D+03  3.20645D+03  3.15471D-07  1.64132D-10  1.64134D-10  1.96515D+06  1.72042D+07  3.16868D+03  1.15447D+04 -3.99664D+06 -3.99664D+06  5.23560D-02  1.00000+100     15
  1.80921D+03  3.21204D+03  9.65770D-08  4.88593D-11  4.88702D-11  1.88334D+06  1.73154D+07  3.12434D+03  1.19343D+04 -3.76893D+06 -3.76893D+06  5.02587D-02  1.00000+100     11
  1.73685D+03  3.21759D+03  2.67421D-08  1.31607D-11  1.31573D-11  1.80157D+06  1.74473D+07  3.07821D+03  1.23702D+04 -3.54450D+06 -3.54450D+06  4.81616D-02  1.00000+100     13
  1.66448D+03  3.22309D+03  6.61150D-09  3.15874D-12  3.16191D-12  1.71983D+06  1.76030D+07  3.03014D+03  1.28605D+04 -3.32347D+06 -3.32347D+06  4.60641D-02  1.00000+100     14
  1.59211D+03  3.22855D+03  1.43735D-09  6.71649D-13  6.68010D-13  1.63812D+06  1.77861D+07  2.97994D+03  1.34150D+04 -3.10600D+06 -3.10600D+06  4.39660D-02  1.00000+100     14
  1.51974D+03  3.23398D+03  2.69854D-10  1.15967D-13  1.21848D-13  1.55643D+06  1.80007D+07  2.92743D+03  1.40456D+04 -2.89225D+06 -2.89225D+06  4.18669D-02  1.00000+100     16
  1.44737D+03  3.23936D+03  4.28168D-11  1.68800D-14  1.87784D-14  1.47476D+06  1.82512D+07  2.87237D+03  1.47670D+04 -2.68238D+06 -2.68238D+06  3.97664D-02  1.00000+100     16
  1.37500D+03  3.24471D+03  5.59377D-12  1.86682D-14  2.38215D-15  1.39312D+06  1.85422D+07  2.81450D+03  1.55970D+04 -2.47660D+06 -2.47660D+06  3.76643D-02  1.00000+100     16
  1.30263D+03  3.25002D+03  5.82966D-13 -8.36849D-15  2.40948D-16  1.31150D+06  1.88781D+07  2.75352D+03  1.65571D+04 -2.27512D+06 -2.27512D+06  3.55604D-02  1.00000+100     19
  1.23027D+03  3.25530D+03  4.66134D-14 -6.12736D-15  1.86845D-17  1.22991D+06  1.92625D+07  2.68907D+03  1.76732D+04 -2.07817D+06 -2.07817D+06  3.34544D-02  1.00000+100     20
  1.15790D+03  3.26054D+03  2.72428D-15  1.00136D-15  1.05772D-18  1.14835D+06  1.96965D+07  2.62074D+03  1.89758D+04 -1.88602D+06 -1.88602D+06  3.13465D-02  1.00000+100     21
  1.08553D+03  3.26575D+03  1.09468D-16  2.86102D-16  4.10823D-20  1.06683D+06  2.01774D+07  2.54804D+03  2.04997D+04 -1.69898D+06 -1.69898D+06  2.92367D-02  1.00000+100     22
  1.01316D+03  3.27092D+03  2.79574D-18  2.99215D-15  1.01086D-21  9.85353D+05  2.06963D+07  2.47036D+03  2.22833D+04 -1.51737D+06 -1.51737D+06  2.71255D-02  1.00000+100     22
  9.40792D+02  3.27606D+03  4.09506D-20 -2.10881D-14  1.41935D-23  9.03934D+05  2.12355D+07  2.38698D+03  2.43678D+04 -1.34158D+06 -1.34158D+06  2.50135D-02  1.00000+100     22
  8.68423D+02  3.28117D+03  2.99849D-22  4.47035D-15  9.88967D-26  8.22592D+05  2.17669D+07  2.29700D+03  2.67959D+04 -1.17206D+06 -1.17206D+06  2.29018D-02  1.00000+100     25
  7.96055D+02  3.28625D+03  9.09102D-25  5.30481D-15  2.82457D-28  7.41350D+05  2.22543D+07  2.19932D+03  2.96157D+04 -1.00933D+06 -1.00933D+06  2.07921D-02  1.00000+100     29
  7.23686D+02  3.29130D+03  8.75145D-28  2.94447D-15  2.52807D-31  6.60248D+05  2.26593D+07  2.09250D+03  3.28921D+04 -8.53980D+05 -8.53980D+05  1.86869D-02  1.00000+100     32
  6.51317D+02  3.29631D+03  1.81818D-31  1.14441D-15  4.80601D-35  5.79340D+05  2.29526D+07  1.97471D+03  3.67334D+04 -7.06746D+05 -7.06746D+05  1.65895D-02  1.00000+100     35
  5.78949D+02  3.30129D+03  4.55572D-36 -1.44958D-14  1.08175D-39  4.98712D+05  2.31257D+07  1.84348D+03  4.13388D+04 -5.68506D+05 -5.68506D+05  1.45051D-02  1.00000+100     34
  5.06580D+02  3.30622D+03  5.50548D-42  1.00911D-14  1.15014D-45  4.18497D+05  2.31950D+07  1.69547D+03  4.70717D+04 -4.40345D+05 -4.40345D+05  1.24406D-02  1.00000+100     42
  4.34212D+02  3.31109D+03  8.53401D-53 -1.00672D-14  7.66173D-57  3.38924D+05  1.27286D+07  1.52599D+03  3.02682D+04 -3.23639D+05 -3.23639D+05  1.04055D-02  1.00000+100     53
  3.61843D+02  3.31588D+03  8.36106D-65  1.58846D-15  6.25538D-69  2.60410D+05  1.26887D+07  1.32822D+03  3.58853D+04 -2.20171D+05 -2.20576D+05  8.41277D-03  1.00000+100     64
  2.89474D+02  3.32054D+03  7.19844D-83  5.04255D-15  4.30845D-87  1.83795D+05  1.26500D+07  1.09212D+03  4.43672D+04 -1.32328D+05 -1.32533D+05  6.47907D-03  1.00000+100     81
  2.17106D+02  3.32494D+03  4.52328-113  2.37823D-15  2.03047-117  1.10983D+05  1.26123D+07  8.03177D+02  5.85966D+04 -6.33811D+04 -6.37803D+04  4.62519D-03  1.00000+100    105


  DATA ARRAY FOR MATERIAL   1

  C( 1) = 1.395743257D+00  C(30) = 4.000000000D+00  C(59) = 2.000000000D-01
  C( 2) = 1.470783217D+00  C(31) = 1.000000000D+00  C(60) = 0.000000000D+00
  C( 3) = 1.479776111D+12  C(32) = 2.329594430D+13  C(61) = 0.000000000D+00
  C( 4) = 3.381401489D+11  C(33) = 2.514908809D+00  C(62) = 5.000000000D-01
  C( 5) = 6.076221268D+00  C(34) = 3.502588140D+13  C(63) = 1.000000000D+00
  C( 6) = 1.700000000D+00  C(35) =-7.600224521D+13  C(64) = 0.000000000D+00
  C( 7) = 6.599156411D+11  C(36) = 4.286031350D+13  C(65) = 0.000000000D+00
  C( 8) = 2.315811820D+10  C(37) = 5.072186637D+13  C(66) = 2.000000000D+00
  C( 9) = 4.434832950D+12  C(38) =-5.400850613D+13  C(67) = 4.350000000D+00
  C(10) = 1.250000000D+11  C(39) = 8.515676914D+13  C(68) = 2.000000000D+00
  C(11) = 3.320000000D+00  C(40) =-2.987732030D+13  C(69) = 1.500000000D-08
  C(12) = 2.567785664D-02  C(41) = 0.000000000D+00  C(70) = 1.000000000D+00
  C(13) = 6.852096656D-05  C(42) = 1.000000000D-01  C(71) = 1.000000000D+00
  C(14) =-9.589415237D-03  C(43) = 0.000000000D+00  C(72) = 0.000000000D+00
  C(15) = 8.200000000D-01  C(44) = 0.000000000D+00  C(73) = 7.588531989D-01
  C(16) =-5.806357962D-02  C(45) = 0.000000000D+00  C(74) = 1.680580137D+00
  C(17) = 1.385542169D-01  C(46) = 0.000000000D+00  C(75) = 0.000000000D+00
  C(18) = 1.870692173D-01  C(47) = 3.183617408D+00  C(76) = 0.000000000D+00
  C(19) = 3.331558278D+00  C(48) = 0.000000000D+00  C(77) = 0.000000000D+00
  C(20) = 1.000000000D+06  C(49) = 0.000000000D+00  C(78) = 2.604585922D+00
  C(21) = 1.437938899D+12  C(50) = 0.000000000D+00  C(79) = 4.617520425D+01
  C(22) = 0.000000000D+00  C(51) = 0.000000000D+00  C(80) = 4.350000000D+00
  C(23) = 2.656000000D+00  C(52) = 0.000000000D+00  C(81) = 5.000000000D-01
  C(24) = 6.666666667D-01  C(53) = 0.000000000D+00  C(82) = 1.000000000D+00
  C(25) =-3.662110427D-02  C(54) = 0.000000000D+00  C(83) = 1.700000000D+00
  C(26) = 1.000200000D+01  C(55) = 0.000000000D+00  C(84) = 1.000000000D+00
  C(27) = 2.995641485D+22  C(56) = 0.000000000D+00  C(85) = 1.723346083D-01
  C(28) = 3.000000000D+00  C(57) = 3.000000000D-01  C(86) = 2.000000000D+00
  C(29) = 2.010638800D+01  C(58) = 1.000000000D-01  C(87) = 1.000000000D+00

  LOCKP( 1)=   1    LOCKPL( 1)=  99  (two-phase array storage data)


   ZERO-TEMPERATURE ISOTHERM

        RHO          P         DPDR          E          ETA          GIBBS
      kg/m**3       GPa	    (m/sec)**2     J/kg                     J/kg

    3.3200D+03 -5.0738D-01  4.3380D+07  2.6645D+02  9.9653D-01 -1.5256D+05
    3.3832D+03  2.2853D+00  4.4110D+07  5.2145D+03  1.0155D+00  6.8071D+05
    3.4464D+03  5.0653D+00  4.3891D+07  2.5095D+04  1.0345D+00  1.4948D+06
    3.5096D+03  7.8367D+00  4.3838D+07  5.8760D+04  1.0534D+00  2.2917D+06
    3.5728D+03  1.0610D+01  4.3942D+07  1.0520D+05  1.0724D+00  3.0748D+06
    3.6360D+03  1.3394D+01  4.4194D+07  1.6355D+05  1.0914D+00  3.8473D+06
    3.6992D+03  1.6199D+01  4.4588D+07  2.3302D+05  1.1104D+00  4.6120D+06
    3.7624D+03  1.9033D+01  4.5117D+07  3.1297D+05  1.1293D+00  5.3716D+06
    3.8256D+03  2.1904D+01  4.5775D+07  4.0279D+05  1.1483D+00  6.1285D+06
    3.8888D+03  2.4821D+01  4.6555D+07  5.0199D+05  1.1673D+00  6.8847D+06
    3.9520D+03  2.7791D+01  4.7451D+07  6.1012D+05  1.1862D+00  7.6423D+06
    4.0152D+03  3.0821D+01  4.8460D+07  7.2678D+05  1.2052D+00  8.4030D+06
    4.0784D+03  3.3919D+01  4.9574D+07  8.5166D+05  1.2242D+00  9.1684D+06
    4.1416D+03  3.7090D+01  5.0791D+07  9.8445D+05  1.2431D+00  9.9399D+06
    4.2048D+03  4.0341D+01  5.2105D+07  1.1249D+06  1.2621D+00  1.0719D+07
    4.2680D+03  4.3678D+01  5.3512D+07  1.2728D+06  1.2811D+00  1.1507D+07
    4.3312D+03  4.7107D+01  5.5009D+07  1.4279D+06  1.3001D+00  1.2304D+07
    4.3944D+03  5.0633D+01  5.6591D+07  1.5901D+06  1.3190D+00  1.3112D+07
    4.4576D+03  5.4262D+01  5.8255D+07  1.7593D+06  1.3380D+00  1.3932D+07
    4.5208D+03  5.7998D+01  5.9998D+07  1.9353D+06  1.3570D+00  1.4764D+07
    4.5840D+03  6.1847D+01  6.1817D+07  2.1180D+06  1.3759D+00  1.5610D+07
    4.6472D+03  6.5813D+01  6.3708D+07  2.3073D+06  1.3949D+00  1.6469D+07
    4.7104D+03  6.5992D+01  1.3417D-04  2.4978D+06  1.4139D+00  1.6508D+07
    4.7736D+03  6.5992D+01  1.0126D-04  2.6833D+06  1.4328D+00  1.6508D+07
    4.8368D+03  6.5992D+01  7.0237D-05  2.8639D+06  1.4518D+00  1.6508D+07
    4.9000D+03  6.5992D+01  1.0506D+08  3.0399D+06  1.4708D+00  1.6508D+07
    4.9632D+03  7.2864D+01  1.1242D+08  3.2202D+06  1.4898D+00  1.7901D+07
    5.0264D+03  8.0200D+01  1.1971D+08  3.4139D+06  1.5087D+00  1.9370D+07
    5.0896D+03  8.7994D+01  1.2693D+08  3.6215D+06  1.5277D+00  2.0911D+07
    5.1528D+03  9.6243D+01  1.3408D+08  3.8434D+06  1.5467D+00  2.2521D+07
    5.2160D+03  1.0494D+02  1.4117D+08  4.0798D+06  1.5656D+00  2.4199D+07
    5.2792D+03  1.1409D+02  1.4819D+08  4.3310D+06  1.5846D+00  2.5941D+07
    5.3424D+03  1.2367D+02  1.5515D+08  4.5973D+06  1.6036D+00  2.7746D+07
    5.4056D+03  1.3370D+02  1.6206D+08  4.8788D+06  1.6225D+00  2.9612D+07
    5.4688D+03  1.4415D+02  1.6890D+08  5.1757D+06  1.6415D+00  3.1535D+07
    5.5320D+03  1.5504D+02  1.7569D+08  5.4881D+06  1.6605D+00  3.3515D+07
    5.5952D+03  1.6636D+02  1.8242D+08  5.8161D+06  1.6795D+00  3.5549D+07
    5.6584D+03  1.7810D+02  1.8911D+08  6.1598D+06  1.6984D+00  3.7635D+07
    5.7216D+03  1.9026D+02  1.9574D+08  6.5192D+06  1.7174D+00  3.9772D+07
    5.7848D+03  2.0284D+02  2.0232D+08  6.8944D+06  1.7364D+00  4.1959D+07
    5.8480D+03  2.1583D+02  2.0886D+08  7.2854D+06  1.7553D+00  4.4193D+07
    5.9112D+03  2.2924D+02  2.1535D+08  7.6921D+06  1.7743D+00  4.6473D+07
    5.9744D+03  2.4305D+02  2.2179D+08  8.1146D+06  1.7933D+00  4.8797D+07
    6.0376D+03  2.5727D+02  2.2819D+08  8.5528D+06  1.8122D+00  5.1165D+07
    6.1008D+03  2.7190D+02  2.3455D+08  9.0067D+06  1.8312D+00  5.3574D+07
    6.1640D+03  2.8692D+02  2.4087D+08  9.4762D+06  1.8502D+00  5.6024D+07
    6.2272D+03  3.0234D+02  2.4715D+08  9.9612D+06  1.8692D+00  5.8513D+07
    6.2904D+03  3.1816D+02  2.5340D+08  1.0462D+07  1.8881D+00  6.1040D+07
    6.3536D+03  3.3437D+02  2.5960D+08  1.0977D+07  1.9071D+00  6.3604D+07
    6.4168D+03  3.5097D+02  2.6577D+08  1.1509D+07  1.9261D+00  6.6204D+07


   ZERO-TEMPERATURE ISOTHERM

        RHO          P         DPDR          E          ETA       GAMMA      T(PSI=1)     THETA       GIBBS
      kg/m**3       GPa	    (m/sec)**2     J/kg                                K           K          J/kg

    3.3200D+04  3.4322D+04  2.1631D+09  7.0849D+08  1.0000D+01  6.2200D-01  1.8536D+06 -1.7287D+03  1.7423D+09
    3.0279D+04  2.8272D+04  1.9783D+09  6.1794D+08  9.1201D+00  6.1840D-01  1.7050D+06 -1.6328D+03  1.5517D+09
    2.7615D+04  2.3229D+04  1.8074D+09  5.3626D+08  8.3176D+00  6.1459D-01  1.5695D+06 -1.5426D+03  1.3774D+09
    2.5185D+04  1.9029D+04  1.6492D+09  4.6278D+08  7.5858D+00  6.1058D-01  1.4457D+06 -1.4580D+03  1.2184D+09
    2.2969D+04  1.5536D+04  1.5027D+09  3.9688D+08  6.9183D+00  6.0640D-01  1.3327D+06 -1.3785D+03  1.0733D+09
    2.0948D+04  1.2636D+04  1.3672D+09  3.3800D+08  6.3096D+00  6.0205D-01  1.2295D+06 -1.3039D+03  9.4121D+08
    1.9105D+04  1.0231D+04  1.2416D+09  2.8560D+08  5.7544D+00  5.9759D-01  1.1352D+06 -1.2338D+03  8.2115D+08
    1.7424D+04  8.2419D+03  1.1252D+09  2.3919D+08  5.2481D+00  5.9306D-01  1.0490D+06 -1.1680D+03  7.1222D+08
    1.5891D+04  6.5994D+03  1.0172D+09  1.9831D+08  4.7863D+00  5.8852D-01  9.7016D+05 -1.1061D+03  6.1362D+08
    1.4492D+04  5.2470D+03  9.1690D+08  1.6255D+08  4.3652D+00  5.8406D-01  8.9800D+05 -1.0480D+03  5.2461D+08
    1.3217D+04  4.1371D+03  8.2358D+08  1.3149D+08  3.9811D+00  5.7979D-01  8.3187D+05 -9.9330D+02  4.4450D+08
    1.2054D+04  3.2297D+03  7.3659D+08  1.0477D+08  3.6308D+00  5.7585D-01  7.7120D+05 -9.4182D+02  3.7270D+08
    1.0994D+04  2.4914D+03  6.5532D+08  8.2020D+07  3.3113D+00  5.7244D-01  7.1544D+05 -8.9332D+02  3.0864D+08
    1.0026D+04  1.8941D+03  5.7919D+08  6.2911D+07  3.0200D+00  5.6978D-01  6.6409D+05 -8.4755D+02  2.5183D+08
    9.1440D+03  1.4146D+03  5.0763D+08  4.7113D+07  2.7542D+00  5.6817D-01  6.1666D+05 -8.0428D+02  2.0181D+08
    8.3395D+03  1.0332D+03  4.4012D+08  3.4309D+07  2.5119D+00  5.6796D-01  5.7272D+05 -7.6329D+02  1.5820D+08
    7.6057D+03  7.3352D+02  3.7615D+08  2.4188D+07  2.2909D+00  5.6962D-01  5.3185D+05 -7.2435D+02  1.2063D+08
    6.9365D+03  5.0202D+02  3.1523D+08  1.6440D+07  2.0893D+00  5.7369D-01  4.9364D+05 -6.8721D+02  8.8815D+07
    6.3261D+03  3.2727D+02  2.5691D+08  1.0751D+07  1.9055D+00  5.8088D-01  4.5770D+05 -6.5164D+02  6.2485D+07
    5.7695D+03  1.9976D+02  2.0073D+08  6.8021D+06  1.7378D+00  5.9203D-01  4.2367D+05 -6.1740D+02  4.1425D+07
    5.2618D+03  1.1153D+02  1.4627D+08  4.2605D+06  1.5849D+00  6.0818D-01  3.9119D+05 -5.8423D+02  2.5456D+07
    4.7989D+03  6.5992D+01  8.8649D-05  2.7560D+06  1.4454D+00  6.3061D-01  3.5993D+05 -5.5186D+02  1.6508D+07
    4.3766D+03  4.9630D+01  5.6137D+07  1.5438D+06  1.3183D+00  6.6089D-01  3.2957D+05 -5.2003D+02  1.2884D+07
    3.9915D+03  2.9678D+01  4.8069D+07  6.8208D+05  1.2023D+00  7.0092D-01  2.9984D+05 -4.8846D+02  8.1174D+06
    3.6403D+03  1.3584D+01  4.4216D+07  1.6793D+05  1.0965D+00  7.5301D-01  2.7049D+05 -4.5687D+02  3.8996D+06
    3.3200D+03 -5.0753D-01  4.3380D+07  2.6661D+02  1.0000D+00  8.2000D-01  2.4136D+05 -4.2500D+02 -1.5261D+05
    3.0279D+03 -9.8249D+00  2.1826D+07  1.6974D+05  9.1201D-01  8.8720D-01  2.1262D+05 -3.9282D+02 -3.0751D+06
    2.7615D+03 -1.3767D+01  8.6559D+06  5.5681D+05  8.3176D-01  9.3984D-01  1.8526D+05 -3.6108D+02 -4.4286D+06
    2.5185D+03 -1.4838D+01  7.1755D+05  1.0627D+06  7.5858D-01  9.8066D-01  1.6004D+05 -3.3049D+02 -4.8290D+06
    2.2969D+03 -1.4440D+01 -3.9623D+06  1.6265D+06  6.9183D-01  1.0119D+00  1.3734D+05 -3.0150D+02 -4.6601D+06
    2.0948D+03 -1.3348D+01 -6.6190D+06  2.2113D+06  6.3096D-01  1.0355D+00  1.1727D+05 -2.7435D+02 -4.1608D+06
    1.9105D+03 -1.1986D+01 -8.0253D+06  2.7947D+06  5.7544D-01  1.0528D+00  9.9758D+04 -2.4919D+02 -3.4790D+06
    1.7424D+03 -1.0575D+01 -8.6642D+06  3.3637D+06  5.2481D-01  1.0651D+00  8.4632D+04 -2.2602D+02 -2.7058D+06
    1.5890D+03 -9.2294D+00 -8.8375D+06  3.9110D+06  4.7863D-01  1.0736D+00  7.1664D+04 -2.0482D+02 -1.8971D+06
    1.4492D+03 -7.9985D+00 -8.7332D+06  4.4328D+06  4.3652D-01  1.0788D+00  6.0606D+04 -1.8549D+02 -1.0864D+06
    1.3217D+03 -6.9002D+00 -8.4683D+06  4.9274D+06  3.9811D-01  1.0817D+00  5.1217D+04 -1.6792D+02 -2.9329D+05
    1.2054D+03 -5.9350D+00 -8.1153D+06  5.3945D+06  3.6308D-01  1.0826D+00  4.3268D+04 -1.5198D+02  4.7089D+05
    1.0994D+03 -5.0948D+00 -7.7186D+06  5.8346D+06  3.3113D-01  1.0821D+00  3.6551D+04 -1.3756D+02  1.2003D+06
    1.0026D+03 -4.3677D+00 -7.3057D+06  6.2485D+06  3.0199D-01  1.0805D+00  3.0883D+04 -1.2452D+02  1.8922D+06
    9.1440D+02 -3.7412D+00 -6.8927D+06  6.6375D+06  2.7542D-01  1.0781D+00  2.6103D+04 -1.1274D+02  2.5460D+06
    8.3394D+02 -3.2027D+00 -6.4894D+06  7.0026D+06  2.5119D-01  1.0752D+00  2.2075D+04 -1.0209D+02  3.1622D+06
    7.6057D+02 -2.7406D+00 -6.1012D+06  7.3453D+06  2.2909D-01  1.0718D+00  1.8679D+04 -9.2482D+01  3.7419D+06
    6.9365D+02 -2.3446D+00 -5.7309D+06  7.6668D+06  2.0893D-01  1.0682D+00  1.5815D+04 -8.3803D+01  4.2867D+06
    6.3261D+02 -2.0055D+00 -5.3797D+06  7.9684D+06  1.9055D-01  1.0644D+00  1.3400D+04 -7.5964D+01  4.7982D+06
    5.7695D+02 -1.7153D+00 -5.0480D+06  8.2512D+06  1.7378D-01  1.0606D+00  1.1362D+04 -6.8882D+01  5.2782D+06
    5.2618D+02 -1.4669D+00 -4.7354D+06  8.5164D+06  1.5849D-01  1.0568D+00  9.6400D+03 -6.2482D+01  5.7286D+06
    4.7989D+02 -1.2544D+00 -4.4414D+06  8.7651D+06  1.4454D-01  1.0531D+00  8.1849D+03 -5.6697D+01  6.1511D+06
    4.3766D+02 -1.0727D+00 -4.1651D+06  8.9982D+06  1.3183D-01  1.0495D+00  6.9541D+03 -5.1464D+01  6.5473D+06
    3.9915D+02 -9.1725D-01 -3.9057D+06  9.2169D+06  1.2023D-01  1.0461D+00  5.9123D+03 -4.6730D+01  6.9189D+06
    3.6403D+02 -7.8434D-01 -3.6622D+06  9.4218D+06  1.0965D-01  1.0427D+00  5.0296D+03 -4.2444D+01  7.2673D+06
    3.3200D+02 -6.7067D-01 -3.4338D+06  9.6140D+06  1.0000D-01  1.0396D+00  4.2813D+03 -3.8563D+01  7.5939D+06
    3.0279D+02 -5.7348D-01 -3.2196D+06  9.7942D+06  9.1201D-02  1.0366D+00  3.6464D+03 -3.5047D+01  7.9002D+06
    2.7614D+02 -4.9037D-01 -3.0186D+06  9.9632D+06  8.3176D-02  1.0338D+00  3.1073D+03 -3.1860D+01  8.1874D+06
    2.5185D+02 -4.1930D-01 -2.8302D+06  1.0122D+07  7.5858D-02  1.0312D+00  2.6492D+03 -2.8970D+01  8.4567D+06
    2.2969D+02 -3.5853D-01 -2.6536D+06  1.0270D+07  6.9183D-02  1.0288D+00  2.2597D+03 -2.6348D+01  8.7091D+06
    2.0948D+02 -3.0657D-01 -2.4879D+06  1.0409D+07  6.3096D-02  1.0265D+00  1.9283D+03 -2.3968D+01  8.9458D+06
    1.9105D+02 -2.6214D-01 -2.3326D+06  1.0540D+07  5.7544D-02  1.0244D+00  1.6462D+03 -2.1808D+01  9.1677D+06
    1.7424D+02 -2.2414D-01 -2.1869D+06  1.0662D+07  5.2481D-02  1.0224D+00  1.4058D+03 -1.9847D+01  9.3758D+06
    1.5890D+02 -1.9166D-01 -2.0504D+06  1.0777D+07  4.7863D-02  1.0206D+00  1.2010D+03 -1.8065D+01  9.5708D+06
    1.4492D+02 -1.6388D-01 -1.9224D+06  1.0885D+07  4.3651D-02  1.0189D+00  1.0264D+03 -1.6445D+01  9.7537D+06
    1.3217D+02 -1.4013D-01 -1.8024D+06  1.0985D+07  3.9811D-02  1.0173D+00  8.7741D+02 -1.4973D+01  9.9252D+06
    1.2054D+02 -1.1982D-01 -1.6898D+06  1.1080D+07  3.6308D-02  1.0159D+00  7.5026D+02 -1.3635D+01  1.0086D+07
    1.0994D+02 -1.0245D-01 -1.5843D+06  1.1169D+07  3.3113D-02  1.0145D+00  6.4169D+02 -1.2418D+01  1.0237D+07
    1.0026D+02 -8.7605D-02 -1.4854D+06  1.1252D+07  3.0199D-02  1.0133D+00  5.4897D+02 -1.1311D+01  1.0378D+07
    9.1440D+01 -7.4908D-02 -1.3926D+06  1.1330D+07  2.7542D-02  1.0122D+00  4.6975D+02 -1.0303D+01  1.0511D+07
    8.3394D+01 -6.4051D-02 -1.3057D+06  1.1403D+07  2.5119D-02  1.0112D+00  4.0203D+02 -9.3868D+00  1.0635D+07
    7.6057D+01 -5.4768D-02 -1.2242D+06  1.1471D+07  2.2909D-02  1.0102D+00  3.4415D+02 -8.5524D+00  1.0751D+07
    6.9364D+01 -4.6830D-02 -1.1477D+06  1.1536D+07  2.0893D-02  1.0093D+00  2.9464D+02 -7.7929D+00  1.0860D+07
    6.3261D+01 -4.0043D-02 -1.0761D+06  1.1596D+07  1.9055D-02  1.0085D+00  2.5230D+02 -7.1014D+00  1.0963D+07
    5.7695D+01 -3.4240D-02 -1.0089D+06  1.1652D+07  1.7378D-02  1.0078D+00  2.1607D+02 -6.4717D+00  1.1059D+07
    5.2618D+01 -2.9277D-02 -9.4589D+05  1.1705D+07  1.5849D-02  1.0071D+00  1.8507D+02 -5.8982D+00  1.1149D+07
    4.7988D+01 -2.5034D-02 -8.8683D+05  1.1755D+07  1.4454D-02  1.0065D+00  1.5853D+02 -5.3758D+00  1.1233D+07
    4.3766D+01 -2.1406D-02 -8.3146D+05  1.1801D+07  1.3183D-02  1.0060D+00  1.3582D+02 -4.9000D+00  1.1312D+07
    3.9915D+01 -1.8303D-02 -7.7954D+05  1.1845D+07  1.2023D-02  1.0054D+00  1.1637D+02 -4.4665D+00  1.1386D+07
    3.6403D+01 -1.5651D-02 -7.3087D+05  1.1886D+07  1.0965D-02  1.0050D+00  9.9712D+01 -4.0716D+00  1.1456D+07
    3.3200D+01 -1.3382D-02 -6.8524D+05  1.1924D+07  1.0000D-02  1.0045D+00  8.5448D+01 -3.7117D+00  1.1521D+07
    3.0279D+01 -1.1443D-02 -6.4245D+05  1.1960D+07  9.1201D-03  1.0041D+00  7.3230D+01 -3.3837D+00  1.1582D+07
    2.7614D+01 -9.7843D-03 -6.0234D+05  1.1994D+07  8.3176D-03  1.0038D+00  6.2763D+01 -3.0849D+00  1.1640D+07
    2.5185D+01 -8.3662D-03 -5.6473D+05  1.2025D+07  7.5858D-03  1.0035D+00  5.3796D+01 -2.8125D+00  1.1693D+07
    2.2969D+01 -7.1537D-03 -5.2947D+05  1.2055D+07  6.9183D-03  1.0032D+00  4.6113D+01 -2.5643D+00  1.1744D+07
    2.0948D+01 -6.1169D-03 -4.9641D+05  1.2083D+07  6.3096D-03  1.0029D+00  3.9529D+01 -2.3380D+00  1.1791D+07
    1.9105D+01 -5.2303D-03 -4.6542D+05  1.2109D+07  5.7544D-03  1.0026D+00  3.3886D+01 -2.1317D+00  1.1835D+07
    1.7424D+01 -4.4723D-03 -4.3636D+05  1.2133D+07  5.2481D-03  1.0024D+00  2.9051D+01 -1.9437D+00  1.1877D+07
    1.5890D+01 -3.8241D-03 -4.0911D+05  1.2156D+07  4.7863D-03  1.0022D+00  2.4906D+01 -1.7723D+00  1.1916D+07
    1.4492D+01 -3.2699D-03 -3.8357D+05  1.2178D+07  4.3651D-03  1.0020D+00  2.1354D+01 -1.6161D+00  1.1952D+07
    1.3217D+01 -2.7959D-03 -3.5962D+05  1.2198D+07  3.9811D-03  1.0018D+00  1.8309D+01 -1.4736D+00  1.1986D+07
    1.2054D+01 -2.3907D-03 -3.3716D+05  1.2217D+07  3.6308D-03  1.0017D+00  1.5698D+01 -1.3437D+00  1.2018D+07
    1.0994D+01 -2.0442D-03 -3.1611D+05  1.2234D+07  3.3113D-03  1.0015D+00  1.3460D+01 -1.2253D+00  1.2048D+07
    1.0026D+01 -1.7479D-03 -2.9637D+05  1.2251D+07  3.0199D-03  1.0014D+00  1.1542D+01 -1.1173D+00  1.2077D+07
    9.1440D+00 -1.4946D-03 -2.7787D+05  1.2266D+07  2.7542D-03  1.0013D+00  9.8969D+00 -1.0189D+00  1.2103D+07
    8.3394D+00 -1.2780D-03 -2.6052D+05  1.2281D+07  2.5119D-03  1.0012D+00  8.4867D+00 -9.2915D-01  1.2128D+07
    7.6057D+00 -1.0928D-03 -2.4425D+05  1.2295D+07  2.2909D-03  1.0011D+00  7.2775D+00 -8.4731D-01  1.2151D+07
    6.9364D+00 -9.3439D-04 -2.2900D+05  1.2308D+07  2.0893D-03  1.0010D+00  6.2407D+00 -7.7269D-01  1.2173D+07
    6.3261D+00 -7.9897D-04 -2.1470D+05  1.2320D+07  1.9055D-03  1.0009D+00  5.3517D+00 -7.0464D-01  1.2193D+07
    5.7695D+00 -6.8317D-04 -2.0130D+05  1.2331D+07  1.7378D-03  1.0008D+00  4.5895D+00 -6.4259D-01  1.2212D+07
    5.2618D+00 -5.8416D-04 -1.8873D+05  1.2341D+07  1.5849D-03  1.0007D+00  3.9358D+00 -5.8601D-01  1.2230D+07
    4.7988D+00 -4.9949D-04 -1.7695D+05  1.2351D+07  1.4454D-03  1.0007D+00  3.3753D+00 -5.3441D-01  1.2247D+07
    4.3766D+00 -4.2710D-04 -1.6590D+05  1.2361D+07  1.3183D-03  1.0006D+00  2.8946D+00 -4.8736D-01  1.2263D+07
    3.9915D+00 -3.6520D-04 -1.5554D+05  1.2369D+07  1.2023D-03  1.0006D+00  2.4825D+00 -4.4445D-01  1.2278D+07
    3.6403D+00 -3.1227D-04 -1.4583D+05  1.2377D+07  1.0965D-03  1.0005D+00  2.1290D+00 -4.0533D-01  1.2292D+07
    3.3200D+00 -2.6701D-04 -1.3672D+05  1.2385D+07  1.0000D-03  1.0005D+00  1.8259D+00 -3.6965D-01  1.2305D+07


   HUGONIOT

      RHO          T           P          PC           E           S           V           U       RHO/RHOO  #IT  STATE
    kg/m**3        K          GPa        GPa          J/kg      J/kg-K       km/sec      km/sec

  2.0000D+03  2.9801D+02  6.0749D-70  5.8022-126  1.9268D+05  1.1224D+03  1.0000D-15  0.0000D+00  1.0000D+00  0  INITIAL
  3.3207D+03  3.0175D+02  3.8650D-02 -4.7905D-01  1.9653D+05  1.1352D+03  2.2043D-01  8.7668D-02  1.6603D+00  5  1 PHASE
  3.3217D+03  3.0755D+02  9.8795D-02 -4.3481D-01  2.0251D+05  1.1548D+03  3.5235D-01  1.4020D-01  1.6608D+00  2  1 PHASE
  3.3237D+03  3.1916D+02  2.1957D-01 -3.4597D-01  2.1455D+05  1.1931D+03  5.2504D-01  2.0910D-01  1.6619D+00  2  1 PHASE
  3.3257D+03  3.3076D+02  3.4094D-01 -2.5670D-01  2.2666D+05  1.2303D+03  6.5394D-01  2.6068D-01  1.6629D+00  2  1 PHASE
  3.3288D+03  3.4817D+02  5.2395D-01 -1.2207D-01  2.4497D+05  1.2839D+03  8.1011D-01  3.2338D-01  1.6644D+00  2  1 PHASE
  3.3390D+03  4.0620D+02  1.1401D+00  3.3131D-01  3.0699D+05  1.4466D+03  1.1923D+00  4.7813D-01  1.6695D+00  2  1 PHASE
  3.3494D+03  4.6423D+02  1.7624D+00  7.8927D-01  3.7019D+05  1.5889D+03  1.4789D+00  5.9582D-01  1.6747D+00  2  1 PHASE
  3.3702D+03  5.8028D+02  3.0149D+00  1.7116D+00  4.9912D+05  1.8283D+03  1.9256D+00  7.8286D-01  1.6851D+00  2  1 PHASE
  3.3912D+03  6.9634D+02  4.2701D+00  2.6365D+00  6.3062D+05  2.0244D+03  2.2813D+00  9.3588D-01  1.6956D+00  2  1 PHASE
  3.4331D+03  9.2845D+02  6.7724D+00  4.4806D+00  8.9944D+05  2.3330D+03  2.8482D+00  1.1889D+00  1.7165D+00  2  1 PHASE
  3.4747D+03  1.1606D+03  9.2537D+00  6.3081D+00  1.1745D+06  2.5707D+03  3.3018D+00  1.4013D+00  1.7374D+00  2  1 PHASE
  3.5159D+03  1.3927D+03  1.1710D+01  8.1141D+00  1.4549D+06  2.7632D+03  3.6850D+00  1.5888D+00  1.7580D+00  2  1 PHASE
  3.5566D+03  1.6248D+03  1.4139D+01  9.8964D+00  1.7397D+06  2.9245D+03  4.0191D+00  1.7590D+00  1.7783D+00  2  1 PHASE
  3.5966D+03  1.8569D+03  1.6542D+01  1.1654D+01  2.0285D+06  3.0630D+03  4.3165D+00  1.9161D+00  1.7983D+00  2  1 PHASE
  3.6359D+03  2.0890D+03  1.8919D+01  1.3388D+01  2.3207D+06  3.1843D+03  4.5853D+00  2.0630D+00  1.8179D+00  2  1 PHASE
  3.6744D+03  2.3211D+03  2.1271D+01  1.5097D+01  2.6160D+06  3.2920D+03  4.8310D+00  2.2015D+00  1.8372D+00  2  1 PHASE
  3.7676D+03  2.9014D+03  2.7050D+01  1.9267D+01  3.3653D+06  3.5178D+03  5.3692D+00  2.5190D+00  1.8838D+00  3  1 PHASE
  3.8562D+03  3.4817D+03  3.2705D+01  2.3309D+01  4.1284D+06  3.7004D+03  5.8286D+00  2.8056D+00  1.9281D+00  3  1 PHASE
  3.9405D+03  4.0620D+03  3.8267D+01  2.7246D+01  4.9038D+06  3.8542D+03  6.2333D+00  3.0696D+00  1.9702D+00  3  1 PHASE
  4.0209D+03  4.6423D+03  4.3758D+01  3.1097D+01  5.6908D+06  3.9874D+03  6.5979D+00  3.3161D+00  2.0104D+00  3  1 PHASE
  4.0976D+03  5.2225D+03  4.9197D+01  3.4876D+01  6.4888D+06  4.1054D+03  6.9319D+00  3.5486D+00  2.0488D+00  3  1 PHASE
  4.1710D+03  5.8028D+03  5.4593D+01  3.8590D+01  7.2965D+06  4.2116D+03  7.2418D+00  3.7693D+00  2.0855D+00  3  1 PHASE
  4.2410D+03  6.3831D+03  5.9950D+01  4.2241D+01  8.1122D+06  4.3082D+03  7.5317D+00  3.9798D+00  2.1205D+00  3  1 PHASE
  4.3078D+03  6.9634D+03  6.5268D+01  4.5829D+01  8.9342D+06  4.3969D+03  7.8048D+00  4.1813D+00  2.1539D+00  3  1 PHASE
  4.3716D+03  7.5437D+03  7.0547D+01  4.9352D+01  9.7608D+06  4.4788D+03  8.0635D+00  4.3745D+00  2.1858D+00  3  1 PHASE
  4.4325D+03  8.1239D+03  7.5786D+01  5.2809D+01  1.0590D+07  4.5550D+03  8.3095D+00  4.5602D+00  2.2163D+00  3  1 PHASE
  4.4906D+03  8.7042D+03  8.0984D+01  5.6201D+01  1.1422D+07  4.6261D+03  8.5444D+00  4.7390D+00  2.2453D+00  3  1 PHASE
  4.5461D+03  9.2845D+03  8.6141D+01  5.9528D+01  1.2254D+07  4.6926D+03  8.7694D+00  4.9115D+00  2.2731D+00  3  1 PHASE
  4.5992D+03  9.8648D+03  9.1258D+01  6.2791D+01  1.3086D+07  4.7552D+03  8.9855D+00  5.0781D+00  2.2996D+00  3  1 PHASE
  4.9292D+03  1.1025D+04  1.0239D+02  6.9114D+01  1.5404D+07  4.8405D+03  9.2815D+00  5.5156D+00  2.4646D+00  8  1 PHASE
  4.9549D+03  1.1606D+04  1.0709D+02  7.1939D+01  1.6159D+07  4.8963D+03  9.4757D+00  5.6510D+00  2.4775D+00  3  1 PHASE
  5.0038D+03  1.2766D+04  1.1649D+02  7.7527D+01  1.7675D+07  4.9999D+03  9.8501D+00  5.9131D+00  2.5019D+00  3  1 PHASE
  5.0499D+03  1.3927D+04  1.2586D+02  8.3041D+01  1.9197D+07  5.0942D+03  1.0208D+01  6.1651D+00  2.5249D+00  3  1 PHASE
  5.0935D+03  1.5087D+04  1.3523D+02  8.8492D+01  2.0725D+07  5.1807D+03  1.0551D+01  6.4082D+00  2.5468D+00  3  1 PHASE
  5.1351D+03  1.6248D+04  1.4459D+02  9.3889D+01  2.2262D+07  5.2606D+03  1.0882D+01  6.6436D+00  2.5676D+00  3  1 PHASE
  5.1750D+03  1.7408D+04  1.5396D+02  9.9241D+01  2.3807D+07  5.3349D+03  1.1201D+01  6.8723D+00  2.5875D+00  3  1 PHASE
  5.2502D+03  1.9730D+04  1.7274D+02  1.0984D+02  2.6927D+07  5.4695D+03  1.1812D+01  7.3122D+00  2.6251D+00  3  1 PHASE
  5.3544D+03  2.3211D+04  2.0111D+02  1.2553D+02  3.1690D+07  5.6446D+03  1.2669D+01  7.9369D+00  2.6772D+00  3  1 PHASE
  5.5109D+03  2.9014D+04  2.4913D+02  1.5136D+02  3.9871D+07  5.8868D+03  1.3983D+01  8.9083D+00  2.7554D+00  3  1 PHASE
  5.6516D+03  3.4817D+04  2.9814D+02  1.7681D+02  4.8351D+07  6.0879D+03  1.5189D+01  9.8142D+00  2.8258D+00  3  1 PHASE
  5.8971D+03  4.6423D+04  3.9871D+02  2.2621D+02  6.6064D+07  6.4147D+03  1.7368D+01  1.1478D+01  2.9485D+00  3  1 PHASE
  6.1044D+03  5.8028D+04  5.0145D+02  2.7274D+02  8.4482D+07  6.6795D+03  1.9311D+01  1.2984D+01  3.0522D+00  3  1 PHASE
  6.2809D+03  6.9634D+04  6.0515D+02  3.1576D+02  1.0331D+08  6.9048D+03  2.1070D+01  1.4361D+01  3.1405D+00  3  1 PHASE
  6.4325D+03  8.1239D+04  7.0904D+02  3.5515D+02  1.2234D+08  7.1024D+03  2.2682D+01  1.5630D+01  3.2162D+00  3  1 PHASE
  6.5636D+03  9.2845D+04  8.1267D+02  3.9103D+02  1.4145D+08  7.2791D+03  2.4175D+01  1.6808D+01  3.2818D+00  3  1 PHASE
  6.6779D+03  1.0445D+05  9.1581D+02  4.2366D+02  1.6057D+08  7.4392D+03  2.5567D+01  1.7910D+01  3.3390D+00  3  1 PHASE
  6.7808D+03  1.1606D+05  1.0205D+03  4.5408D+02  1.8008D+08  7.5892D+03  2.6902D+01  1.8967D+01  3.3904D+00  3  1 PHASE
